CDM_ID		SAT1ID	SAT2ID	TCA							DCA					MIN_RNG	DIFF_DCA
81584953	24285	36654	2021-03-22T01:32:25.536000	9.212716886251823	636.0	626.7872831137482
81584867	22398	30905	2021-03-22T06:12:00.226000	2.7497710967028053	33.0	30.250228903297195
81564293	19420	42492	2021-03-22T08:02:23.233000	1.2113744926797394	193.0	191.78862550732026
81197397	06392	17792	2021-03-22T15:19:54.022000	0.7295391809691619	116.0	115.27046081903084
81310668	07493	34696	2021-03-22T17:27:27.632000	8.37700908611713	45.0	36.62299091388287
81565863	28498	30149	2021-03-22T17:33:47.257000	2.7136436031681597	956.0	953.2863563968318
81425922	23404	34114	2021-03-22T18:19:29.789000	3.6838122275394647	691.0	687.3161877724606
81653133	04158	41250	2021-03-22T18:55:23.750000	12.083845282168047	90.0	77.91615471783196
81310709	12290	31608	2021-03-22T23:19:29.837000	8.423074500922064	27.0	18.576925499077937
81310773	14445	33966	2021-03-23T01:47:43.010000	1.3300183065587388	25.0	23.66998169344126
81656858	35433	36680	2021-03-23T02:01:19.289000	5.13121168541357	29.0	23.868788314586432
81310774	14450	37148	2021-03-23T04:12:21.942000	11.982990337967923	330.0	318.0170096620321
81656398	32338	38233	2021-03-23T08:34:29.136000	5.384994529799707	118.0	112.61500547020029
81586756	40541	47081	2021-03-23T09:30:29.491000	6.165809421034343	60.0	53.83419057896566
81425282	19473	23089	2021-03-23T11:26:33.638000	7.267963271706915	125.0	117.73203672829308
81424798	10459	13600	2021-03-23T19:24:59.119000	0.8053089450851477	99.0	98.19469105491486
81653198	05842	87848	2021-03-23T22:47:44.937000	15.108243404895953	75.0	59.89175659510405
81653387	12791	35350	2021-03-23T23:06:54.057000	1.7879254462430565	435.0	433.21207455375696
81916017	39782	31282	2021-03-24T03:51:26.054000	16.699075799435125	55.0	38.30092420056488
81585144	27561	85283	2021-03-24T04:13:34.677000	15.353140012227138	347.0	331.64685998777287
81999730	32207	37572	2021-03-24T05:00:44.183000	2.906701875069123	98.0	95.09329812493088
81731989	08923	30923	2021-03-24T07:38:52.555000	7.550796532654925	366.0	358.44920346734506
81732131	14445	42211	2021-03-24T08:45:42.824000	11.54399996410659	84.0	72.45600003589341
81851992	10676	33689	2021-03-24T11:22:37.509000	8.74441636756472	27.0	18.255583632435282
81852719	20527	42144	2021-03-25T00:03:18.697000	11.39893323774461	86.0	74.60106676225539
81807894	08181	21980	2021-03-25T00:18:09.952000	13.108687110750825	86.0	72.89131288924918
81999352	30124	31672	2021-03-25T03:05:11.350000	5.5060937682709366	73.0	67.49390623172906
82127379	32457	37044	2021-03-25T03:57:52.411000	9.778416831129483	60.0	50.22158316887052
81808395	25941	36419	2021-03-25T04:08:21.613000	60.73204242436334	120.0	59.26795757563666
81653742	16761	17142	2021-03-25T05:29:51.324000	3.481266344832669	43.0	39.51873365516733
81808618	32353	36204	2021-03-25T05:50:44.677000	10.394035783005798	41.0	30.605964216994202
81654635	24725	19138	2021-03-25T06:44:22.761000	7.169197366961076	618.0	610.830802633039
81853316	23814	41090	2021-03-25T08:03:47.019000	1.026241464293219	902.0	900.9737585357068
82032599	20673	42220	2021-03-25T08:43:14.396000	4.822851983457205	65.0	60.177148016542795
82235283	16986	35776	2021-03-25T09:47:52.356000	10.859738031337876	117.0	106.14026196866212
81852208	13763	39822	2021-03-25T16:38:37.110000	2.457187033283965	829.0	826.542812966716
81807837	02674	36335	2021-03-25T21:02:00.418000	9.050514711548105	236.0	226.94948528845188
81996845	11696	37464	2021-03-26T01:00:08.253000	4.03664963066809	494.0	489.9633503693319
81996674	04934	09610	2021-03-26T03:22:45.945000	13.235246636531123	72.0	58.76475336346888
82125755	23704	41261	2021-03-26T10:41:01.415000	5.049717579593374	212.0	206.95028242040664
82157520	24967	38196	2021-03-26T13:31:32.221000	14.06933169656797	198.0	183.93066830343204
82432853	17765	39536	2021-03-26T18:44:43.458000	4.6549728811757145	109.0	104.34502711882429
82159943	33503	47060	2021-03-26T19:07:24.453000	39.60822382077634	46.0	6.391776179223662
82460572	34427	46881	2021-03-26T21:16:22.902000	44.26758919304812	71.0	26.732410806951883
82459571	31273	31828	2021-03-26T21:41:19.894000	9.774002300648572	38.0	28.225997699351428
82459550	30732	42357	2021-03-26T22:27:54.035000	4.08856796733695	51.0	46.91143203266305
82484168	04914	10844	2021-03-27T01:01:35.111000	7.465999283171355	80.0	72.53400071682864
82032329	12185	41373	2021-03-27T02:38:37.730000	12.321655442663085	86.0	73.67834455733691
82302495	20327	35145	2021-03-27T06:35:00.444000	57.03274123964606	56.0	-1.0327412396460574
82456648	07958	17725	2021-03-27T07:33:02.489000	4.935438214772722	115.0	110.06456178522728
82434330	27940	37043	2021-03-27T08:05:58.518000	36.63086950805702	916.0	879.369130491943
82234865	12560	87656	2021-03-27T08:28:29.420000	5.863962751777753	78.0	72.13603724822225
82373027	08613	08296	2021-03-27T15:55:04.012000	8.263459487605045	222.0	213.73654051239495
82631183	05098	21028	2021-03-27T16:12:56.890000	7.939056813494656	31.0	23.060943186505344
82236103	23753	29077	2021-03-27T18:51:45.927000	18.862081588145873	79.0	60.13791841185413
82234720	07824	14616	2021-03-27T21:46:30.797000	5.713300686083694	34.0	28.286699313916305
82373895	21100	27804	2021-03-27T23:18:11.312000	18.718850547844866	288.0	269.28114945215515
82303534	25940	41135	2021-03-28T03:37:17.963000	18.418369759910057	120.0	101.58163024008994
82485073	20876	22456	2021-03-28T10:15:17.470000	18.44876427959269	76.0	57.551235720407306
82779235	27479	31272	2021-03-28T10:49:40.470000	21.410275906998624	105.0	83.58972409300138
82777926	17640	31498	2021-03-28T10:58:43.105000	2.766192496094442	97.0	94.23380750390555
82457085	15592	43112	2021-03-29T02:21:53.158000	31.435028165289342	43.0	11.564971834710658
82433606	23607	36997	2021-03-29T06:20:12.175000	29.167164392823306	141.0	111.83283560717669
82777742	15398	42135	2021-03-29T06:42:13.448000	8.323529391589478	188.0	179.6764706084105
82459570	31155	11165	2021-03-29T07:11:53.719000	10.276958532435751	87.0	76.72304146756424
82867826	31948	37917	2021-03-29T07:35:05.294000	5.9943321728616015	84.0	78.0056678271384
82566145	01389	45655	2021-03-29T14:23:29.346000	9.724815512183174	91.0	81.27518448781683
82569050	30967	34736	2021-03-29T16:51:48.623000	15.399294614662391	59.0	43.600705385337605
82632900	25634	87239	2021-03-29T21:45:06.418000	7.340651596422137	912.0	904.6593484035778
82658827	41093	89206	2021-03-29T22:27:18.901000	45.67948632888772	47.0	1.3205136711122805