CDM_ID		SAT1ID	SAT2ID	TCA							DCA					PPDB_TCA					PPDB_DCA	MIN_RNG	DIFF_TCA	DIFF_DCA |MIN_RNG - DCA|
81584953	24285	36654	2021-03-22T01:32:25.536000	9.212716886251823	2021-03-22T01:32:25.668000	0.614	0.636	-0.132	8.576716886251823
81565113	24285	36654	2021-03-22T01:32:25.552000	9.212716886251823	2021-03-22T01:32:25.668000	0.614	0.695	-0.116	8.517716886251822
81426015	24285	36654	2021-03-22T01:32:25.746000	9.212716886251823	2021-03-22T01:32:25.668000	0.614	0.205	0.078	9.007716886251822
81375659	24285	36654	2021-03-22T01:32:25.868000	9.212716886251823	2021-03-22T01:32:25.668000	0.614	0.853	0.2	8.359716886251823
81584867	22398	30905	2021-03-22T06:12:00.226000	2.7497710967028053	2021-03-22T06:12:00.191000	0.301	0.033	0.035	2.7167710967028054
81585347	30905	22398	2021-03-22T06:12:00.226000	2.7497710967028053	2021-03-22T06:12:00.191000	0.301	0.033	0.035	2.7167710967028054
81564542	22398	30905	2021-03-22T06:12:00.229000	2.7497710967028053	2021-03-22T06:12:00.191000	0.301	0.04	0.038	2.7097710967028052
81566158	30905	22398	2021-03-22T06:12:00.229000	2.7497710967028053	2021-03-22T06:12:00.191000	0.301	0.04	0.038	2.7097710967028052
81425508	22398	30905	2021-03-22T06:12:00.239000	2.7497710967028053	2021-03-22T06:12:00.191000	0.301	0.037	0.048	2.7127710967028054
81427296	30905	22398	2021-03-22T06:12:00.239000	2.7497710967028053	2021-03-22T06:12:00.191000	0.301	0.037	0.048	2.7127710967028054
81141770	22398	30905	2021-03-22T06:12:00.240000	2.7497710967028053	2021-03-22T06:12:00.191000	0.301	0.082	0.049	2.6677710967028054
81143284	30905	22398	2021-03-22T06:12:00.240000	2.7497710967028053	2021-03-22T06:12:00.191000	0.301	0.082	0.049	2.6677710967028054
81197686	22398	30905	2021-03-22T06:12:00.240000	2.7497710967028053	2021-03-22T06:12:00.191000	0.301	0.072	0.049	2.677771096702805
81197913	30905	22398	2021-03-22T06:12:00.240000	2.7497710967028053	2021-03-22T06:12:00.191000	0.301	0.072	0.049	2.677771096702805
81375594	22398	30905	2021-03-22T06:12:00.254000	2.7497710967028053	2021-03-22T06:12:00.191000	0.301	0.054	0.063	2.6957710967028055
81376109	30905	22398	2021-03-22T06:12:00.254000	2.7497710967028053	2021-03-22T06:12:00.191000	0.301	0.054	0.063	2.6957710967028055
81310930	22398	30905	2021-03-22T06:12:00.292000	2.7497710967028053	2021-03-22T06:12:00.191000	0.301	0.074	0.101	2.6757710967028054
81311365	30905	22398	2021-03-22T06:12:00.292000	2.7497710967028053	2021-03-22T06:12:00.191000	0.301	0.074	0.101	2.6757710967028054
81564293	19420	42492	2021-03-22T08:02:23.233000	1.2113744926797394	2021-03-22T08:02:23.143000	0.952	0.193	0.09	1.0183744926797393
81584827	19420	42492	2021-03-22T08:02:23.235000	1.2113744926797394	2021-03-22T08:02:23.143000	0.952	0.207	0.092	1.0043744926797393
81425280	19420	42492	2021-03-22T08:02:23.236000	1.2113744926797394	2021-03-22T08:02:23.143000	0.952	0.213	0.093	0.9983744926797394
81375559	19420	42492	2021-03-22T08:02:23.238000	1.2113744926797394	2021-03-22T08:02:23.143000	0.952	0.225	0.095	0.9863744926797394
81197397	06392	17792	2021-03-22T15:19:54.022000	0.7295391809691619	2021-03-22T15:19:54.122000	0.443	0.116	-0.1	0.6135391809691619
81653216	06392	17792	2021-03-22T15:19:54.034000	0.7295391809691619	2021-03-22T15:19:54.122000	0.443	0.378	-0.088	0.3515391809691619
81584617	06392	17792	2021-03-22T15:19:54.036000	0.7295391809691619	2021-03-22T15:19:54.122000	0.443	0.39	-0.086	0.3395391809691619
81563669	06392	17792	2021-03-22T15:19:54.038000	0.7295391809691619	2021-03-22T15:19:54.122000	0.443	0.377	-0.084	0.3525391809691619
81424749	06392	17792	2021-03-22T15:19:54.053000	0.7295391809691619	2021-03-22T15:19:54.122000	0.443	0.576	-0.069	0.15353918096916197
81375379	06392	17792	2021-03-22T15:19:54.060000	0.7295391809691619	2021-03-22T15:19:54.122000	0.443	0.577	-0.062	0.15253918096916197
81310658	06392	17792	2021-03-22T15:19:54.070000	0.7295391809691619	2021-03-22T15:19:54.122000	0.443	0.711	-0.052	0.01853918096916196
81310668	07493	34696	2021-03-22T17:27:27.632000	8.37700908611713	2021-03-22T17:27:27.581000	0.491	0.045	0.051	8.33200908611713
81311916	34696	07493	2021-03-22T17:27:27.632000	8.37700908611713	2021-03-22T17:27:27.581000	0.491	0.045	0.051	8.33200908611713
81565863	28498	30149	2021-03-22T17:33:47.257000	2.7136436031681597	2021-03-22T17:33:47.568000	0.819	0.956	-0.311	1.7576436031681597
81426751	28498	30149	2021-03-22T17:33:47.354000	2.7136436031681597	2021-03-22T17:33:47.568000	0.819	0.533	-0.214	2.1806436031681597
81425922	23404	34114	2021-03-22T18:19:29.789000	3.6838122275394647	2021-03-22T18:19:29.656000	0.561	0.691	0.133	2.992812227539465
81653133	04158	41250	2021-03-22T18:55:23.750000	12.083845282168047	2021-03-22T18:55:23.822000	0.452	0.09	-0.072	11.993845282168047
81658842	41250	04158	2021-03-22T18:55:23.750000	12.083845282168047	2021-03-22T18:55:23.822000	0.452	0.09	-0.072	11.993845282168047
81731940	04158	41250	2021-03-22T18:55:23.753000	12.083845282168047	2021-03-22T18:55:23.822000	0.452	0.085	-0.069	11.998845282168046
81733245	41250	04158	2021-03-22T18:55:23.753000	12.083845282168047	2021-03-22T18:55:23.822000	0.452	0.085	-0.069	11.998845282168046
81584595	04158	41250	2021-03-22T18:55:23.762000	12.083845282168047	2021-03-22T18:55:23.822000	0.452	0.09	-0.06	11.993845282168047
81586813	41250	04158	2021-03-22T18:55:23.762000	12.083845282168047	2021-03-22T18:55:23.822000	0.452	0.09	-0.06	11.993845282168047
81563593	04158	41250	2021-03-22T18:55:23.763000	12.083845282168047	2021-03-22T18:55:23.822000	0.452	0.084	-0.059	11.999845282168048
81567755	41250	04158	2021-03-22T18:55:23.763000	12.083845282168047	2021-03-22T18:55:23.822000	0.452	0.084	-0.059	11.999845282168048
81375356	04158	41250	2021-03-22T18:55:23.765000	12.083845282168047	2021-03-22T18:55:23.822000	0.452	0.074	-0.057	12.009845282168047
81378518	41250	04158	2021-03-22T18:55:23.765000	12.083845282168047	2021-03-22T18:55:23.822000	0.452	0.074	-0.057	12.009845282168047
81424686	04158	41250	2021-03-22T18:55:23.770000	12.083845282168047	2021-03-22T18:55:23.822000	0.452	0.07	-0.052	12.013845282168047
81430854	41250	04158	2021-03-22T18:55:23.770000	12.083845282168047	2021-03-22T18:55:23.822000	0.452	0.07	-0.052	12.013845282168047
81310630	04158	41250	2021-03-22T18:55:23.852000	12.083845282168047	2021-03-22T18:55:23.822000	0.452	0.068	0.03	12.015845282168048
81313290	41250	04158	2021-03-22T18:55:23.852000	12.083845282168047	2021-03-22T18:55:23.822000	0.452	0.068	0.03	12.015845282168048
81310709	12290	31608	2021-03-22T23:19:29.837000	8.423074500922064	2021-03-22T23:19:29.803000	0.376	0.027	0.034	8.396074500922065
81311445	31608	12290	2021-03-22T23:19:29.837000	8.423074500922064	2021-03-22T23:19:29.803000	0.376	0.027	0.034	8.396074500922065
81310773	14445	33966	2021-03-23T01:47:43.010000	1.3300183065587388	2021-03-23T01:47:42.910000	0.265	0.025	0.1	1.3050183065587388
81311914	33966	14445	2021-03-23T01:47:43.010000	1.3300183065587388	2021-03-23T01:47:42.910000	0.265	0.025	0.1	1.3050183065587388
81656858	35433	36680	2021-03-23T02:01:19.289000	5.13121168541357	2021-03-23T02:01:19.385000	0.539	0.029	-0.096	5.10221168541357
81657342	36680	35433	2021-03-23T02:01:19.289000	5.13121168541357	2021-03-23T02:01:19.385000	0.539	0.029	-0.096	5.10221168541357
81732763	35433	36680	2021-03-23T02:01:19.291000	5.13121168541357	2021-03-23T02:01:19.385000	0.539	0.029	-0.094	5.10221168541357
81732800	36680	35433	2021-03-23T02:01:19.291000	5.13121168541357	2021-03-23T02:01:19.385000	0.539	0.029	-0.094	5.10221168541357
81808671	35433	36680	2021-03-23T02:01:19.291000	5.13121168541357	2021-03-23T02:01:19.385000	0.539	0.029	-0.094	5.10221168541357
81808705	36680	35433	2021-03-23T02:01:19.291000	5.13121168541357	2021-03-23T02:01:19.385000	0.539	0.029	-0.094	5.10221168541357
81585706	35433	36680	2021-03-23T02:01:19.292000	5.13121168541357	2021-03-23T02:01:19.385000	0.539	0.03	-0.093	5.10121168541357
81585891	36680	35433	2021-03-23T02:01:19.292000	5.13121168541357	2021-03-23T02:01:19.385000	0.539	0.03	-0.093	5.10121168541357
81566633	35433	36680	2021-03-23T02:01:19.293000	5.13121168541357	2021-03-23T02:01:19.385000	0.539	0.029	-0.092	5.10221168541357
81566801	36680	35433	2021-03-23T02:01:19.293000	5.13121168541357	2021-03-23T02:01:19.385000	0.539	0.029	-0.092	5.10221168541357
81310774	14450	37148	2021-03-23T04:12:21.942000	11.982990337967923	2021-03-23T04:12:21.826000	0.418	0.33	0.116	11.652990337967923
81656398	32338	38233	2021-03-23T08:34:29.136000	5.384994529799707	2021-03-23T08:34:29.373000	0.523	0.118	-0.237	5.266994529799707
81657624	38233	32338	2021-03-23T08:34:29.136000	5.384994529799707	2021-03-23T08:34:29.373000	0.523	0.118	-0.237	5.266994529799707
81586756	40541	47081	2021-03-23T09:30:29.491000	6.165809421034343	2021-03-23T09:30:29.524000	0.306	0.06	-0.033	6.105809421034343
81598465	47081	40541	2021-03-23T09:30:29.491000	6.165809421034343	2021-03-23T09:30:29.524000	0.306	0.06	-0.033	6.105809421034343
81567609	40541	47081	2021-03-23T09:30:29.494000	6.165809421034343	2021-03-23T09:30:29.524000	0.306	0.074	-0.03	6.091809421034343
81572003	47081	40541	2021-03-23T09:30:29.494000	6.165809421034343	2021-03-23T09:30:29.524000	0.306	0.074	-0.03	6.091809421034343
81502894	47081	40541	2021-03-23T09:30:29.505000	6.165809421034343	2021-03-23T09:30:29.524000	0.306	0.041	-0.019	6.1248094210343424
81425282	19473	23089	2021-03-23T11:26:33.638000	7.267963271706915	2021-03-23T11:26:33.602000	0.860	0.125	0.036	7.142963271706915
81425558	23089	19473	2021-03-23T11:26:33.638000	7.267963271706915	2021-03-23T11:26:33.602000	0.860	0.125	0.036	7.142963271706915
81424798	10459	13600	2021-03-23T19:24:59.119000	0.8053089450851477	2021-03-23T19:24:59.160000	1.418	0.099	-0.041	0.7063089450851477
81424954	13600	10459	2021-03-23T19:24:59.119000	0.8053089450851477	2021-03-23T19:24:59.160000	1.418	0.099	-0.041	0.7063089450851477
81653198	05842	87848	2021-03-23T22:47:44.937000	15.108243404895953	2021-03-23T22:47:45.110000	0.234	0.075	-0.173	15.033243404895954
81731970	05842	87848	2021-03-23T22:47:44.949000	15.108243404895953	2021-03-23T22:47:45.110000	0.234	0.04	-0.161	15.068243404895954
81807878	05842	87848	2021-03-23T22:47:44.957000	15.108243404895953	2021-03-23T22:47:45.110000	0.234	0.012	-0.153	15.096243404895953
81851895	05842	87848	2021-03-23T22:47:44.964000	15.108243404895953	2021-03-23T22:47:45.110000	0.234	0.02	-0.146	15.088243404895954
81653387	12791	35350	2021-03-23T23:06:54.057000	1.7879254462430565	2021-03-23T23:06:54.161000	1.166	0.435	-0.104	1.3529254462430564
81584681	12791	35350	2021-03-23T23:06:54.062000	1.7879254462430565	2021-03-23T23:06:54.161000	1.166	0.515	-0.099	1.2729254462430566
81563853	12791	35350	2021-03-23T23:06:54.067000	1.7879254462430565	2021-03-23T23:06:54.161000	1.166	0.582	-0.094	1.2059254462430564
81424884	12791	35350	2021-03-23T23:06:54.080000	1.7879254462430565	2021-03-23T23:06:54.161000	1.166	0.584	-0.081	1.2039254462430566
81916017	39782	31282	2021-03-24T03:51:26.054000	16.699075799435125	2021-03-24T03:51:27.312000	3.246	0.055	-1.258	16.644075799435125
81854369	31282	39782	2021-03-24T03:51:26.055000	16.699075799435125	2021-03-24T03:51:27.312000	3.246	0.053	-1.257	16.646075799435124
81855833	39782	31282	2021-03-24T03:51:26.055000	16.699075799435125	2021-03-24T03:51:27.312000	3.246	0.053	-1.257	16.646075799435124
81999380	31282	39782	2021-03-24T03:51:26.057000	16.699075799435125	2021-03-24T03:51:27.312000	3.246	0.058	-1.255	16.641075799435125
82001769	39782	31282	2021-03-24T03:51:26.057000	16.699075799435125	2021-03-24T03:51:27.312000	3.246	0.058	-1.255	16.641075799435125
81585144	27561	85283	2021-03-24T04:13:34.677000	15.353140012227138	2021-03-24T04:13:35.053000	0.868	0.347	-0.376	15.006140012227139
81565636	27561	85283	2021-03-24T04:13:34.723000	15.353140012227138	2021-03-24T04:13:35.053000	0.868	0.218	-0.33	15.135140012227138
81999730	32207	37572	2021-03-24T05:00:44.183000	2.906701875069123	2021-03-24T05:00:44.320000	1.338	0.098	-0.137	2.808701875069123
82000783	37572	32207	2021-03-24T05:00:44.183000	2.906701875069123	2021-03-24T05:00:44.320000	1.338	0.098	-0.137	2.808701875069123
81731989	08923	30923	2021-03-24T07:38:52.555000	7.550796532654925	2021-03-24T07:38:52.637000	0.775	0.366	-0.082	7.184796532654925
81807898	08923	30923	2021-03-24T07:38:52.555000	7.550796532654925	2021-03-24T07:38:52.637000	0.775	0.355	-0.082	7.195796532654924
81851964	08923	30923	2021-03-24T07:38:52.596000	7.550796532654925	2021-03-24T07:38:52.637000	0.775	0.136	-0.041	7.4147965326549246
81854347	30923	08923	2021-03-24T07:38:52.596000	7.550796532654925	2021-03-24T07:38:52.637000	0.775	0.136	-0.041	7.4147965326549246
81996765	08923	30923	2021-03-24T07:38:52.596000	7.550796532654925	2021-03-24T07:38:52.637000	0.775	0.095	-0.041	7.455796532654925
81999356	30923	08923	2021-03-24T07:38:52.596000	7.550796532654925	2021-03-24T07:38:52.637000	0.775	0.095	-0.041	7.455796532654925
81732131	14445	42211	2021-03-24T08:45:42.824000	11.54399996410659	2021-03-24T08:45:42.891000	0.195	0.084	-0.067	11.45999996410659
81733838	42211	14445	2021-03-24T08:45:42.824000	11.54399996410659	2021-03-24T08:45:42.891000	0.195	0.084	-0.067	11.45999996410659
81808033	14445	42211	2021-03-24T08:45:42.825000	11.54399996410659	2021-03-24T08:45:42.891000	0.195	0.105	-0.066	11.43899996410659
81809721	42211	14445	2021-03-24T08:45:42.825000	11.54399996410659	2021-03-24T08:45:42.891000	0.195	0.105	-0.066	11.43899996410659
81852279	14445	42211	2021-03-24T08:45:42.833000	11.54399996410659	2021-03-24T08:45:42.891000	0.195	0.107	-0.058	11.43699996410659
81856952	42211	14445	2021-03-24T08:45:42.833000	11.54399996410659	2021-03-24T08:45:42.891000	0.195	0.107	-0.058	11.43699996410659
81851992	10676	33689	2021-03-24T11:22:37.509000	8.74441636756472	2021-03-24T11:22:37.596000	0.461	0.027	-0.087	8.71741636756472
81854765	33689	10676	2021-03-24T11:22:37.509000	8.74441636756472	2021-03-24T11:22:37.596000	0.461	0.027	-0.087	8.71741636756472
81996793	10676	33689	2021-03-24T11:22:37.509000	8.74441636756472	2021-03-24T11:22:37.596000	0.461	0.027	-0.087	8.71741636756472
82000061	33689	10676	2021-03-24T11:22:37.509000	8.74441636756472	2021-03-24T11:22:37.596000	0.461	0.027	-0.087	8.71741636756472
82032294	10676	33689	2021-03-24T11:22:37.511000	8.74441636756472	2021-03-24T11:22:37.596000	0.461	0.033	-0.085	8.71141636756472
82033176	33689	10676	2021-03-24T11:22:37.511000	8.74441636756472	2021-03-24T11:22:37.596000	0.461	0.033	-0.085	8.71141636756472
81653283	10676	33689	2021-03-24T11:22:37.517000	8.74441636756472	2021-03-24T11:22:37.596000	0.461	0.041	-0.079	8.703416367564719
81656685	33689	10676	2021-03-24T11:22:37.517000	8.74441636756472	2021-03-24T11:22:37.596000	0.461	0.041	-0.079	8.703416367564719
81807916	10676	33689	2021-03-24T11:22:37.526000	8.74441636756472	2021-03-24T11:22:37.596000	0.461	0.038	-0.07	8.706416367564719
81808651	33689	10676	2021-03-24T11:22:37.526000	8.74441636756472	2021-03-24T11:22:37.596000	0.461	0.038	-0.07	8.706416367564719
81732008	10676	33689	2021-03-24T11:22:37.527000	8.74441636756472	2021-03-24T11:22:37.596000	0.461	0.038	-0.069	8.706416367564719
81732754	33689	10676	2021-03-24T11:22:37.527000	8.74441636756472	2021-03-24T11:22:37.596000	0.461	0.038	-0.069	8.706416367564719
81563747	10676	33689	2021-03-24T11:22:37.531000	8.74441636756472	2021-03-24T11:22:37.596000	0.461	0.036	-0.065	8.70841636756472
81566499	33689	10676	2021-03-24T11:22:37.531000	8.74441636756472	2021-03-24T11:22:37.596000	0.461	0.036	-0.065	8.70841636756472
81584657	10676	33689	2021-03-24T11:22:37.531000	8.74441636756472	2021-03-24T11:22:37.596000	0.461	0.041	-0.065	8.703416367564719
81585679	33689	10676	2021-03-24T11:22:37.531000	8.74441636756472	2021-03-24T11:22:37.596000	0.461	0.041	-0.065	8.703416367564719
